0.0419
0.0741
0.1053
0.0495
0.0984
0.0258
0.044
0.1284
0.0303
0.1153
0.127
0.019
0.0072
0.0608
0.005
0.0898
0.0065
0.0712
0.0833
0.0361
0.0079
0.0082
0.0072
0.1724
0.1195
0.1014
0.0222
0.0255
0.1026
0.0699
0.0353
0.1362
0.1566
0.0596
0.0102
0.1129
0.0694
0.0349
0.1065
0.0323
0.0233
0.0821
0.0801
0.0625
0.0421
0.0625
0.0065
0.0207
0.0686
0.0606
0.0098
0.0909
0.044
0.0442
0.1667
0.0517
0.0271
0.0943
0.0492
0.0878
0.0698
0.0566
0.0682
0.1137
0.0659
0.004
0.0631
0.0524
0.0077
0.1628
0.1771
0.0839
0.065
0.1202
0.0698
0.0458
0.0654
0.0719
0.1667
0.1053
0.0638
0.1032
0.0583
0.0083
0.0166
0.0391
0.0093
0.0153
0.0909
0.1429
0.1176
0.034
0.0508
0.0411
0.0986
0.0544
0.0037
0.0051
0.1176
0.0028
