0.0243
0.0334
0.0427
0.056
0.0232
0.0179
0.027
0.078
0.0448
0.0283
0.0373
0.0389
0.0364
0.0288
0.0541
0.0327
0.0612
0.0617
0.0535
0.024
0.0278
0.0223
0.0786
0.0557
0.0789
0.0223
0.0217
0.03
0.0518
0.0413
0.0209
0.0418
0.0785
0.0724
0.0248
0.0395
0.0319
0.0206
0.0495
0.0472
0.0566
0.0307
0.0218
0.0335
0.1027
0.0444
0.0643
0.032
0.0188
0.027
0.0433
0.0701
0.0182
0.0324
0.0226
0.0569
0.027
0.0279
0.0369
0.0435
0.0577
0.0444
0.0324
0.0178
0.0344
0.0117
0.064
0.0601
0.0309
0.0467
0.0747
0.0472
0.0312
0.0282
0.0479
0.0204
0.0302
0.049
0.0514
0.0593
0.0359
0.0411
0.0237
0.0715
0.0295
0.048
0.0707
0.0339
0.0181
0.0698
0.0393
0.0319
0.0518
0.0358
0.0451
0.0111
0.0456
0.1224
0.0636
0.0246
