0.0066
0.054
0.0278
0.027
0.0097
0.1314
0.0584
0.0389
0.0684
0.13
0.0081
0.0616
0.0146
0.0652
0.0707
0.0586
0.1828
0.0961
0.0895
0.106
0.0152
0.0163
0.0246
0.0594
0.0079
0.0305
0.0213
0.1089
0.1226
0.0437
0.0428
0.0247
0.0062
0.0056
0.1111
0.1202
0.072
0.1796
0.112
0.0494
0.0469
0.1347
0.0618
0.0521
0.0535
0.0423
0.0225
0.0656
0.0426
0.1258
0.0539
0.0062
0.0238
0.0231
0.0501
0.0213
0.0634
0.0382
0.0818
0.0725
0.0821
0.0141
0.204
0.0789
0.1176
0.0929
0.0465
0.0193
0.0389
0.0225
0.0146
0.1358
0.0497
0.0414
0.0166
0.0517
0.0595
0.0504
0.0766
0.0057
0.1382
0.0873
0.0486
0.1544
0.0241
0.0632
0.0252
0.0341
0.0147
0.0656
0.011
0.0496
0.0385
0.0849
0.1987
0.0384
0.024
0.1078
0.0349
0.01
