0.0351
0.036
0.0446
0.0354
0.0288
0.0459
0.0303
0.0556
0.0504
0.0303
0.0057
0.0554
0.0163
0.0156
0.0495
0.0337
0.027
0.0528
0.0133
0.0226
0.0279
0.0634
0.0517
0.0281
0.0811
0.0358
0.0037
0.0149
0.011
0.0464
0.025
0.0396
0.032
0.041
0.0504
0.0411
0.0838
0.0389
0.0151
0.0094
0.0358
0.0213
0.0388
0.0368
0.0261
0.0118
0.0372
0.0909
0.0244
0.0373
0.0546
0.0742
0.0104
0.0607
0.0384
0.053
0.0092
0.0404
0.0216
0.0132
0.0476
0.0213
0.0532
0.0478
0.048
0.0506
0.0518
0.0135
0.0875
0.0319
0.0294
0.0433
0.0349
0.0162
0.056
0.0339
0.0663
0.0483
0.0222
0.0235
0.0206
0.0085
0.0255
0.058
0.0751
0.0446
0.0244
0.0152
0.0201
0.0175
0.05
0.0192
0.051
0.0595
0.0615
0.0432
0.0088
0.0537
0.016
0.0446
