0.0586
0.0417
0.0472
0.048
0.0217
0.0433
0.0449
0.0195
0.0217
0.0322
0.0347
0.025
0.0554
0.0332
0.0743
0.0456
0.0298
0.0371
0.0308
0.0314
0.0769
0.0391
0.0888
0.0373
0.0526
0.0424
0.0538
0.0433
0.0479
0.0454
0.0515
0.0555
0.0318
0.0605
0.0589
0.0395
0.0381
0.0441
0.0364
0.0922
0.04
0.0473
0.0477
0.0375
0.0483
0.0675
0.048
0.0408
0.0606
0.0374
0.0671
0.0538
0.0216
0.0383
0.0532
0.0478
0.0478
0.0625
0.0757
0.0477
0.0391
0.0567
0.0507
0.0509
0.0474
0.0315
0.0648
0.0262
0.0452
0.0261
0.0403
0.0546
0.0676
0.0415
0.0306
0.0444
0.0588
0.0323
0.0318
0.0751
0.0403
0.0476
0.0548
0.0679
0.0456
0.0622
0.0305
0.0291
0.0697
0.0303
0.0198
0.0203
0.0564
0.0208
0.0505
0.062
0.0611
0.0258
0.0207
0.0361
