0.0916
0.0923
0.1233
0.1538
0.0242
0.1193
0.0208
0.0151
0.068
0.0569
0.0892
0.0158
0.0181
0.1654
0.0497
0.0148
0.0968
0.0646
0.1139
0.1387
0.0467
0.0699
0.0776
0.0602
0.0165
0.1176
0.0896
0.0304
0.025
0.0877
0.0983
0.0963
0.0362
0.019
0.109
0.0537
0.1036
0.0482
0.0821
0.0061
0.0326
0.117
0.1949
0.118
0.197
0.0311
0.0896
0.0476
0.0988
0.0228
0.0882
0.0546
0.0094
0.1027
0.0952
0.0762
0.0663
0.0144
0.0218
0.0067
0.1429
0.1447
0.0398
0.0464
0.1087
0.069
0.1238
0.1388
0.2279
0.0731
0.0332
0.0147
0.0618
0.0528
0.0543
0.0138
0.0563
0.1082
0.1532
0.0779
0.0809
0.034
0.0179
0.0351
0.0241
0.0663
0.0583
0.0183
0.0206
0.0385
0.062
0.1717
0.02
0.0698
0.0909
0.074
0.0412
0.0559
0.0198
0.0976
