0.057
0.1056
0.0637
0.1164
0.0926
0.0386
0.0493
0.0433
0.0442
0.0304
0.038
0.1551
0.1352
0.105
0.0769
0.0388
0.0843
0.1465
0.1255
0.0329
0.1466
0.0513
0.0857
0.1302
0.0789
0.1372
0.1056
0.0678
0.123
0.1314
0.0217
0.0298
0.0644
0.0208
0.0436
0.0508
0.0996
0.1364
0.11
0.0161
0.0524
0.1039
0.0949
0.0382
0.127
0.1216
0.038
0.1667
0.0187
0.0401
0.0225
0.1221
0.0716
0.027
0.1253
0.0747
0.1463
0.1516
0.0199
0.1444
0.0314
0.0528
0.1113
0.1014
0.0285
0.099
0.1106
0.1132
0.0371
0.0411
0.1414
0.1552
0.1543
0.0346
0.0784
0.0451
0.1
0.156
0.1059
0.1526
0.0278
0.0985
0.1151
0.0384
0.1257
0.1157
0.1584
0.0524
0.098
0.1158
0.1319
0.0144
0.1116
0.0712
0.0395
0.071
0.1318
0.0588
0.0221
0.1069
