0.0282
0.0154
0.0786
0.0197
0.0494
0.0065
0.0343
0.0385
0.0299
0.0746
0.0555
0.0196
0.0782
0.0325
0.0096
0.0356
0.0233
0.069
0.0273
0.0352
0.081
0.0212
0.0371
0.0476
0.035
0.052
0.0787
0.0058
0.0529
0.0116
0.0452
0.01
0.0635
0.0809
0.0619
0.0085
0.0027
0.0885
0.0909
0.0398
0.0075
0.0051
0.0415
0.0283
0.0725
0.0203
0.0409
0.0717
0.0209
0.0554
0.0107
0.0567
0.0017
0.086
0.0734
0.0467
0.0226
0.0072
0.0533
0.0244
0.059
0.01
0.0084
0.0821
0.0154
0.012
0.1007
0.0863
0.0764
0.0945
0.0421
0.0072
0.0083
0.0438
0.0172
0.0616
0.0455
0.024
0.0192
0.0179
0.0091
0.0628
0.0741
0.0377
0.0702
0.0515
0.0166
0.0118
0.0228
0.0563
0.0116
0.0283
0.0567
0.0476
0.0603
0.0323
0.0274
0.0584
0.0184
0.0916
