0.0472
0.0221
0.0197
0.0106
0.0099
0.0339
0.0836
0.0176
0.0171
0.0579
0.0459
0.0427
0.0406
0.081
0.0421
0.0638
0.0541
0.1084
0.0098
0.0798
0.0395
0.064
0.0216
0.0244
0.0511
0.0596
0.0872
0.027
0.0184
0.0725
0.0509
0.0966
0.0859
0.0794
0.0438
0.0531
0.0743
0.0411
0.0573
0.012
0.024
0.0241
0.0265
0.0813
0.0889
0.0097
0.0185
0.1244
0.0609
0.0741
0.0229
0.0286
0.0207
0.1541
0.0724
0.0187
0.0192
0.0422
0.0679
0.0284
0.0994
0.0119
0.0621
0.041
0.1011
0.0786
0.0744
0.0137
0.0398
0.1117
0.0377
0.0263
0.016
0.0109
0.1129
0.0098
0.0586
0.0858
0.0172
0.0762
0.0565
0.0474
0.0599
0.0466
0.0665
0.053
0.0937
0.1067
0.0464
0.1452
0.0354
0.034
0.0459
0.0097
0.0161
0.0478
0.0146
0.0909
0.0414
0.0205
