0.0116
0.1493
0.11
0.0398
0.125
0.1234
0.1091
0.0789
0.0653
0.1135
0.1371
0.0334
0.023
0.0316
0.1485
0.0973
0.1632
0.0495
0.0974
0.0696
0.1135
0.1364
0.0539
0.1296
0.0973
0.063
0.0756
0.0513
0.0798
0.0872
0.0884
0.1022
0.0345
0.1016
0.0889
0.1706
0.1431
0.0449
0.1414
0.0272
0.1592
0.1296
0.1025
0.0246
0.1314
0.0129
0.0882
0.096
0.1986
0.1329
0.1448
0.0539
0.1438
0.1158
0.022
0.0667
0.1218
0.0315
0.161
0.0909
0.1685
0.1286
0.1852
0.1001
0.0333
0.1071
0.1803
0.0958
0.0263
0.1034
0.0324
0.1264
0.1149
0.15
0.0642
0.1412
0.0435
0.1425
0.114
0.1786
0.1288
0.1463
0.1565
0.0445
0.0523
0.1714
0.0922
0.1343
0.0694
0.1589
0.0996
0.1892
0.0764
0.1379
0.0601
0.1649
0.0347
0.0382
0.1041
0.1485
