0.1307
0.0548
0.0287
0.0581
0.0288
0.0972
0.0387
0.0118
0.011
0.0381
0.0469
0.035
0.0177
0.044
0.0579
0.0197
0.0633
0.0249
0.0576
0.0041
0.0173
0.0757
0.0607
0.0461
0.0566
0.0739
0.0222
0.0177
0.064
0.1481
0.0182
0.0698
0.0463
0.0617
0.0879
0.0755
0.0093
0.0299
0.0534
0.1382
0.0161
0.0299
0.0437
0.0436
0.029
0.034
0.0582
0.0649
0.0428
0.0055
0.0293
0.0804
0.0304
0.0556
0.0238
0.0794
0.0092
0.0583
0.0422
0.065
0.1049
0.0431
0.0043
0.0644
0.1054
0.0575
0.0171
0.0067
0.0564
0.0187
0.1585
0.0135
0.1125
0.1003
0.1146
0.0223
0.0537
0.1019
0.0826
0.0053
0.0033
0.013
0.0573
0.0043
0.0723
0.1298
0.0249
0.0404
0.0231
0.0482
0.0312
0.0473
0.1025
0.0881
0.0131
0.0772
0.2259
0.1505
0.0183
0.0295
