0.0468
0.0386
0.0428
0.0491
0.0191
0.0479
0.0453
0.0557
0.0455
0.0408
0.0416
0.0403
0.0318
0.0367
0.0612
0.0569
0.028
0.0467
0.0646
0.0502
0.0406
0.0386
0.0231
0.0583
0.0497
0.0292
0.0357
0.0423
0.0309
0.0314
0.0436
0.0472
0.068
0.0357
0.0293
0.0516
0.0244
0.0451
0.0476
0.0599
0.0401
0.0186
0.0245
0.0586
0.0344
0.0343
0.0418
0.0428
0.0431
0.031
0.0309
0.035
0.0164
0.0474
0.033
0.0357
0.0298
0.0408
0.032
0.0199
0.0294
0.027
0.0297
0.0513
0.0314
0.0333
0.0608
0.0585
0.0297
0.066
0.0588
0.0606
0.0522
0.0224
0.0574
0.0286
0.0243
0.0581
0.054
0.0492
0.0555
0.0176
0.0438
0.0512
0.0479
0.055
0.0505
0.0406
0.0484
0.0485
0.0521
0.0264
0.0521
0.0444
0.0462
0.0422
0.0445
0.0537
0.0401
0.0347
