0.0384
0.0637
0.0385
0.0759
0.0344
0.0236
0.0363
0.0586
0.0768
0.0644
0.0154
0.0917
0.0769
0.0225
0.0321
0.066
0.0654
0.0552
0.0256
0.0134
0.0779
0.0476
0.0227
0.0635
0.0155
0.031
0.043
0.0379
0.0751
0.0407
0.0505
0.0404
0.0232
0.0981
0.0336
0.0484
0.0326
0.0288
0.0291
0.0238
0.0759
0.0373
0.0561
0.0156
0.0252
0.0799
0.0382
0.0683
0.0481
0.0673
0.0308
0.0474
0.0259
0.0148
0.0481
0.0421
0.0235
0.0743
0.0415
0.0166
0.0449
0.0507
0.0917
0.0419
0.026
0.041
0.0415
0.0416
0.0258
0.0752
0.0525
0.0391
0.0292
0.0229
0.022
0.0237
0.0512
0.0559
0.0727
0.0744
0.066
0.0326
0.043
0.0423
0.0161
0.0643
0.0799
0.0634
0.0431
0.0477
0.0355
0.0547
0.0557
0.0246
0.0374
0.0264
0.0755
0.0783
0.0376
0.0435
