0.0555
0.0559
0.0466
0.0885
0.0208
0.0747
0.0534
0.1079
0.0284
0.0225
0.027
0.1037
0.0087
0.018
0.0256
0.0427
0.0229
0.0926
0.0256
0.0188
0.0325
0.0465
0.1139
0.0789
0.0651
0.015
0.0351
0.0364
0.0243
0.0369
0.0217
0.0971
0.0379
0.0924
0.0396
0.0245
0.0304
0.0635
0.0728
0.0426
0.0141
0.0942
0.0518
0.136
0.0925
0.0382
0.0336
0.0915
0.0404
0.0321
0.0314
0.0618
0.038
0.0497
0.0404
0.0446
0.0144
0.0901
0.1048
0.0659
0.037
0.026
0.1177
0.0521
0.0365
0.0526
0.0692
0.0446
0.0213
0.0762
0.0456
0.0287
0.0235
0.0442
0.0778
0.1114
0.1461
0.0056
0.0787
0.0943
0.0833
0.0931
0.0353
0.0229
0.0852
0.0178
0.0589
0.0185
0.0588
0.0563
0.0189
0.0317
0.0887
0.0791
0.0249
0.0255
0.0589
0.035
0.0424
0.0448
