0.0682
0.1105
0.0556
0.0276
0.0075
0.0413
0.0983
0.0184
0.066
0.0358
0.0291
0.0169
0.0212
0.0743
0.0722
0.1121
0.0216
0.1103
0.0777
0.0526
0.0186
0.0614
0.0202
0.036
0.016
0.0196
0.0235
0.0043
0.0923
0.0552
0.0581
0.0521
0.0114
0.125
0.0246
0.0071
0.0748
0.033
0.0545
0.0349
0.0287
0.0323
0.0563
0.0131
0.0473
0.0558
0.0795
0.0416
0.0935
0.019
0.0308
0.017
0.1066
0.0622
0.0878
0.0541
0.0726
0.0598
0.0458
0.0478
0.0646
0.0667
0.0426
0.0653
0.0909
0.0614
0.0425
0.0197
0.0137
0.0877
0.0367
0.0483
0.0077
0.0235
0.089
0.0515
0.0871
0.0146
0.0301
0.0187
0.0639
0.0184
0.0347
0.09
0.0602
0.0411
0.0593
0.0088
0.0778
0.0596
0.0101
0.0587
0.0084
0.0507
0.0647
0.0399
0.0115
0.0156
0.0118
0.0472
