0.0347
0.0115
0.0336
0.1242
0.0807
0.0167
0.0243
0.021
0.0383
0.0767
0.0629
0.0588
0.1215
0.104
0.0796
0.0723
0.1126
0.0453
0.1149
0.0358
0.1137
0.0762
0.0146
0.0212
0.0578
0.0609
0.1506
0.0255
0.0728
0.0736
0.0841
0.1049
0.0551
0.1221
0.122
0.0704
0.0855
0.0807
0.0506
0.0311
0.0516
0.0448
0.0439
0.0607
0.0537
0.0459
0.0716
0.0418
0.1399
0.0917
0.0591
0.0803
0.0103
0.1345
0.0316
0.0528
0.0778
0.0188
0.0443
0.1151
0.0713
0.0131
0.0385
0.1346
0.0461
0.1213
0.0348
0.0278
0.1061
0.0722
0.0501
0.0872
0.0625
0.0453
0.0924
0.1436
0.019
0.1058
0.0088
0.0616
0.0174
0.0386
0.051
0.0763
0.0312
0.0031
0.0817
0.08
0.0714
0.072
0.0979
0.0558
0.0531
0.0646
0.053
0.0127
0.0086
0.0839
0.0383
0.0281
