0.0531
0.0291
0.0604
0.0253
0.0248
0.0365
0.0273
0.0506
0.0567
0.0443
0.0651
0.0598
0.0181
0.0384
0.0413
0.0218
0.0353
0.048
0.0601
0.0385
0.0418
0.0215
0.0401
0.0248
0.0749
0.0208
0.0426
0.0413
0.0413
0.0383
0.0628
0.0471
0.0456
0.0403
0.0312
0.0293
0.0356
0.0729
0.0653
0.0581
0.0312
0.073
0.0503
0.0422
0.0335
0.0787
0.0507
0.048
0.0814
0.0395
0.0296
0.0719
0.0484
0.0596
0.0339
0.0223
0.0343
0.086
0.0304
0.0237
0.0295
0.0563
0.0652
0.0327
0.0658
0.0975
0.0245
0.0333
0.0396
0.0453
0.1039
0.0308
0.0258
0.0417
0.0413
0.0879
0.027
0.0386
0.0197
0.0159
0.0408
0.0206
0.0536
0.0516
0.0776
0.039
0.0207
0.0491
0.0419
0.058
0.0328
0.0438
0.0531
0.0266
0.066
0.0263
0.0233
0.0462
0.0419
0.0391
