0.0074
0.0273
0.0056
0.0113
0.0358
0.0602
0.008
0.005
0.03
0.0092
0.0216
0.0734
0.0327
0.019
0.0092
0.0221
0.0199
0.0485
0.0108
0.0087
0.0018
0.0124
0.0099
0.0391
0.0266
0.0296
0.0137
0.0471
0.0421
0.0223
0.0091
0.0015
0.0222
0.0143
0.0448
0.0228
0.02
0.0405
0.029
0.0311
0.0262
0.0733
0.0305
0.0105
0.008
0.0045
0.0048
0.0243
0.0108
0.0078
0.0136
0.0204
0.0058
0.0043
0.0476
0.1374
0.0394
0.0073
0.0078
0.0095
0.0224
0.0086
0.0018
0.0411
0.0008
0.0027
0.083
0.0159
0.0043
0.0085
0.0035
0.0165
0.0398
0.023
0.0081
0.0082
0.0278
0.0251
0.0706
0.0404
0.0514
0.0087
0.0753
0.007
0.0272
0.0058
0.0254
0.0271
0.0092
0.005
0.0271
0.0088
0.0065
0.0055
0.0351
0.0561
0.0223
0.0023
0.0523
0.0031
