0.0189
0.078
0.0511
0.1266
0.1795
0.0273
0.0276
0.0874
0.0297
0.0944
0.1144
0.1033
0.0372
0.0283
0.0969
0.035
0.0855
0.0393
0.0111
0.1236
0.0091
0.0315
0.0852
0.0248
0.0594
0.0767
0.0659
0.013
0.0094
0.1165
0.0258
0.0401
0.0704
0.0204
0.0291
0.0323
0.0619
0.0684
0.028
0.0242
0.0142
0.0295
0.0282
0.106
0.0398
0.0816
0.0793
0.0068
0.0467
0.0087
0.023
0.0611
0.0098
0.0248
0.1324
0.0461
0.019
0.1176
0.0133
0.0281
0.0147
0.0174
0.0126
0.1121
0.0932
0.0112
0.0818
0.0067
0.0419
0.0667
0.0407
0.1024
0.0632
0.021
0.0284
0.0574
0.0644
0.1008
0.0151
0.0392
0.0527
0.0825
0.0216
0.0962
0.0934
0.0428
0.1354
0.0285
0.1212
0.0365
0.0459
0.0312
0.0462
0.0511
0.0915
0.1047
0.0814
0.04
0.129
0.0204
