0.0144
0.008
0.015
0.0358
0.0229
0.0398
0.0176
0.0103
0.0212
0.0141
0.0269
0.021
0.029
0.0188
0.0266
0.0043
0.0122
0.0147
0.0109
0.0447
0.0412
0.0097
0.0176
0.0186
0.0103
0.0178
0.0323
0.0083
0.0144
0.0151
0.0382
0.0205
0.0132
0.0094
0.0133
0.0219
0.0151
0.0293
0.0121
0.0109
0.0204
0.0142
0.0059
0.0073
0.0331
0.0445
0.0194
0.0286
0.0361
0.0226
0.0399
0.0202
0.0221
0.0163
0.0253
0.0257
0.0354
0.0161
0.0141
0.0207
0.0197
0.0019
0.0075
0.0218
0.0625
0.0155
0.049
0.0322
0.0004
0.0214
0.0204
0.0155
0.0227
0.0163
0.0029
0.0161
0.0208
0.0122
0.0385
0.0192
0.0411
0.026
0.0249
0.0315
0.0421
0.0181
0.0362
0.0291
0.0187
0.0039
0.0142
0.01
0.0146
0.0143
0.0218
0.0171
0.0075
0.0137
0.0202
0.0308
