0.073
0.1634
0.1604
0.0838
0.1117
0.0295
0.0217
0.1569
0.1151
0.1239
0.1513
0.1646
0.1502
0.1695
0.0257
0.1027
0.0802
0.0532
0.1455
0.0311
0.0474
0.1387
0.0897
0.0479
0.1563
0.1298
0.0633
0.0834
0.1957
0.0892
0.0386
0.1228
0.1131
0.0665
0.0981
0.0261
0.033
0.2544
0.0663
0.043
0.1204
0.0748
0.0579
0.1143
0.1083
0.0337
0.0878
0.1505
0.0553
0.0672
0.052
0.108
0.1197
0.0273
0.0585
0.241
0.0925
0.0265
0.121
0.0846
0.0596
0.0329
0.2273
0.1604
0.1529
0.1074
0.0714
0.0306
0.1253
0.0985
0.1447
0.1719
0.1028
0.0423
0.0243
0.0364
0.1102
0.0966
0.098
0.0565
0.1901
0.0551
0.0563
0.1097
0.0482
0.0524
0.0609
0.0665
0.0562
0.1077
0.1927
0.1231
0.0789
0.0194
0.0166
0.1461
0.1544
0.1158
0.141
0.125
