0.1438
0.0442
0.0552
0.0951
0.0285
0.0204
0.0121
0.1135
0.0909
0.1116
0.0792
0.0159
0.1519
0.0699
0.1487
0.0146
0.0322
0.128
0.1236
0.1137
0.0711
0.0648
0.1165
0.0517
0.066
0.0903
0.1346
0.0427
0.045
0.1062
0.0473
0.0462
0.0321
0.0717
0.0112
0.0667
0.1017
0.0795
0.0909
0.0267
0.0722
0.0625
0.0886
0.0447
0.0539
0.0807
0.0305
0.0161
0.0909
0.0289
0.0463
0.0946
0.0254
0.0857
0.0565
0.1278
0.0928
0.0883
0.1069
0.0057
0.1066
0.1398
0.024
0.1552
0.033
0.114
0.0103
0.0653
0.0853
0.0969
0.0989
0.0735
0.0532
0.0222
0.1061
0.0346
0.1109
0.0799
0.0138
0.0501
0.0977
0.0852
0.0892
0.0215
0.0342
0.0875
0.0403
0.0812
0.0633
0.0854
0.0115
0.0823
0.1531
0.0163
0.0894
0.042
0.0525
0.1103
0.0119
0.0271
