0.0307
0.0117
0.0549
0.04
0.0462
0.0226
0.0743
0.0425
0.0636
0.0332
0.0405
0.097
0.0993
0.0335
0.063
0.0231
0.0194
0.0579
0.044
0.0806
0.0865
0.0244
0.123
0.0222
0.0644
0.0173
0.089
0.0522
0.0164
0.0549
0.038
0.0528
0.0115
0.0224
0.0603
0.0641
0.0369
0.1062
0.0418
0.0218
0.073
0.0296
0.0166
0.0508
0.0561
0.0264
0.0282
0.0193
0.0412
0.0693
0.0117
0.0321
0.0581
0.0496
0.0247
0.0457
0.0442
0.0631
0.0837
0.0721
0.0922
0.0217
0.0306
0.0405
0.1087
0.019
0.0797
0.0628
0.0581
0.0477
0.0257
0.0486
0.0447
0.0576
0.0606
0.0507
0.009
0.0588
0.0196
0.0932
0.0768
0.0386
0.0809
0.0416
0.0375
0.0684
0.0539
0.0847
0.0396
0.0213
0.0143
0.0236
0.023
0.0823
0.0788
0.1143
0.0239
0.0236
0.067
0.0266
