0.0941
0.0815
0.0352
0.1
0.0444
0.0258
0.0216
0.0271
0.0241
0.0124
0.0923
0.0668
0.0361
0.0837
0.0253
0.0231
0.0361
0.1139
0.0578
0.0558
0.0861
0.0864
0.0428
0.084
0.0167
0.0557
0.0634
0.0186
0.0724
0.0672
0.0351
0.0544
0.0525
0.0485
0.0207
0.0349
0.0858
0.0264
0.0458
0.0586
0.085
0.0192
0.0583
0.055
0.0601
0.1042
0.0369
0.0688
0.0229
0.0616
0.0688
0.0169
0.0448
0.0673
0.0654
0.0562
0.0927
0.0142
0.0557
0.0545
0.0532
0.0284
0.0542
0.0798
0.048
0.0152
0.0376
0.0781
0.0785
0.0588
0.0866
0.0768
0.0156
0.0808
0.0305
0.0972
0.0601
0.0546
0.051
0.0166
0.1051
0.0537
0.0437
0.0411
0.1147
0.0119
0.1409
0.0476
0.0186
0.0733
0.0551
0.0958
0.1261
0.0553
0.1004
0.0881
0.0354
0.0557
0.0596
0.0576
