0.0493
0.0476
0.0935
0.1168
0.0369
0.1049
0.1028
0.0562
0.0903
0.0796
0.1172
0.128
0.0489
0.0916
0.0452
0.1476
0.1473
0.0234
0.0504
0.1209
0.0854
0.1638
0.0204
0.038
0.0522
0.017
0.05
0.1794
0.0698
0.0073
0.1421
0.0652
0.1111
0.0859
0.0321
0.1304
0.1113
0.0208
0.0818
0.0915
0.1278
0.0658
0.0476
0.1
0.0988
0.0972
0.0276
0.0821
0.1098
0.0665
0.0917
0.0652
0.011
0.1154
0.1159
0.0547
0.0924
0.0939
0.0437
0.0748
0.1609
0.0641
0.0463
0.1086
0.1087
0.1835
0.1153
0.0596
0.0381
0.07
0.0691
0.0147
0.1196
0.0785
0.1071
0.2442
0.0257
0.0752
0.1463
0.0519
0.095
0.099
0.0784
0.0947
0.0947
0.1004
0.0471
0.0898
0.0589
0.0759
0.0308
0.0753
0.0842
0.1089
0.1753
0.0944
0.1175
0.0394
0.0738
0.1317
