0.0185
0.0039
0.0396
0.0025
0.0131
0.0038
0.0128
0.013
0.0241
0.0088
0.0119
0.0191
0.03
0.0029
0.0062
0.0161
0.0006
0.0058
0.0438
0.0
0.0005
0.0051
0.0076
0.0026
0.008
0.0079
0.0023
0.0227
0.0504
0.0124
0.0023
0.0039
0.0195
0.011
0.0103
0.0123
0.0007
0.0045
0.0142
0.0044
0.0145
0.0043
0.0065
0.0048
0.0018
0.0154
0.0339
0.0065
0.0012
0.0106
0.0021
0.0092
0.0098
0.033
0.0479
0.0269
0.034
0.0123
0.0141
0.0042
0.014
0.025
0.009
0.0164
0.0045
0.0
0.0
0.0205
0.005
0.0012
0.0094
0.0036
0.0068
0.0123
0.002
0.001
0.0029
0.0322
0.0057
0.0032
0.029
0.0135
0.006
0.0
0.0154
0.0019
0.0065
0.0026
0.0068
0.0051
0.0367
0.0076
0.0054
0.0204
0.0092
0.0137
0.0012
0.0052
0.0122
0.0006
