0.0205
0.0259
0.1188
0.067
0.0137
0.0736
0.0611
0.0457
0.1196
0.1698
0.0135
0.0394
0.1118
0.1216
0.067
0.0215
0.0267
0.0048
0.0551
0.0988
0.0817
0.0679
0.1023
0.0357
0.0169
0.0517
0.1025
0.0544
0.0561
0.0839
0.1024
0.051
0.0148
0.015
0.1031
0.0514
0.0857
0.0666
0.0706
0.0332
0.0266
0.0877
0.0872
0.0937
0.0506
0.0283
0.0272
0.1224
0.1395
0.0984
0.0251
0.0922
0.13
0.1159
0.0086
0.0363
0.1088
0.0217
0.0904
0.1289
0.1157
0.0154
0.0406
0.0707
0.1262
0.0295
0.0392
0.0503
0.0246
0.01
0.0149
0.1065
0.0094
0.0911
0.1061
0.0977
0.0158
0.0411
0.0927
0.0437
0.0604
0.069
0.1178
0.0923
0.0193
0.0955
0.0523
0.0514
0.1002
0.1002
0.1222
0.0249
0.0743
0.0947
0.0509
0.039
0.1034
0.0492
0.0682
0.0814
