0.0247
0.0159
0.0359
0.0219
0.0629
0.0704
0.0464
0.0488
0.0265
0.0324
0.0461
0.0395
0.0462
0.0571
0.052
0.0389
0.0188
0.0599
0.059
0.0427
0.0504
0.0214
0.0316
0.0328
0.0222
0.0399
0.0413
0.0262
0.0312
0.0608
0.0285
0.0561
0.0639
0.0395
0.0696
0.0242
0.0266
0.0319
0.0339
0.0732
0.0258
0.0531
0.0752
0.0373
0.0504
0.0498
0.0402
0.0318
0.0798
0.035
0.0412
0.0317
0.0195
0.0583
0.0439
0.0277
0.0403
0.0573
0.064
0.0415
0.0277
0.0802
0.0305
0.0279
0.0373
0.0278
0.0853
0.0395
0.0344
0.0309
0.0243
0.0469
0.0466
0.07
0.0401
0.0206
0.0272
0.0354
0.0828
0.0295
0.0471
0.0435
0.0629
0.0553
0.0271
0.0372
0.021
0.0406
0.0378
0.054
0.0434
0.0243
0.0127
0.0381
0.0151
0.0312
0.0569
0.0464
0.0358
0.0304
