0.0613
0.0213
0.0721
0.0139
0.0557
0.0176
0.1164
0.0507
0.0377
0.0769
0.0187
0.0556
0.0306
0.0607
0.0644
0.017
0.078
0.0436
0.0579
0.0126
0.097
0.01
0.1051
0.0895
0.1207
0.0572
0.0569
0.0474
0.1093
0.0234
0.0685
0.0546
0.0492
0.0535
0.0531
0.0376
0.0861
0.0325
0.1304
0.1065
0.0696
0.0314
0.0062
0.0993
0.068
0.0433
0.0139
0.0148
0.0944
0.0497
0.1304
0.0392
0.0909
0.0411
0.0325
0.0266
0.0189
0.0381
0.0907
0.1356
0.0738
0.0757
0.0232
0.0285
0.0726
0.1213
0.0962
0.0833
0.0179
0.048
0.037
0.1185
0.0182
0.0403
0.0874
0.047
0.0837
0.1026
0.007
0.0943
0.0892
0.0543
0.1234
0.0568
0.0792
0.1085
0.0364
0.0364
0.0335
0.0665
0.0295
0.0124
0.0598
0.0176
0.0752
0.0275
0.0972
0.0558
0.0203
0.1061
