0.0269
0.0181
0.0677
0.0431
0.0691
0.0976
0.0256
0.005
0.0967
0.0568
0.0862
0.0227
0.0839
0.0524
0.0901
0.0602
0.0084
0.0237
0.0119
0.0287
0.0147
0.0349
0.0563
0.0766
0.0801
0.0762
0.0666
0.029
0.0608
0.0744
0.0531
0.0755
0.0805
0.0828
0.0826
0.0685
0.0509
0.0273
0.0095
0.0783
0.015
0.0725
0.031
0.0462
0.0678
0.024
0.0262
0.0411
0.0921
0.0698
0.0165
0.0552
0.0789
0.0751
0.0307
0.125
0.0909
0.0598
0.0447
0.028
0.0423
0.0669
0.048
0.0541
0.0491
0.0793
0.1143
0.0482
0.1009
0.1216
0.0348
0.125
0.1256
0.0725
0.0189
0.055
0.0625
0.0997
0.01
0.045
0.1209
0.0207
0.0342
0.1235
0.089
0.0393
0.0115
0.0222
0.0296
0.0321
0.0653
0.0476
0.0097
0.0836
0.0446
0.0311
0.0165
0.0288
0.0381
0.0498
